
	HIGHEST GROUP ISSUED AS OF 04/01/09

Anything with an asterisk(*) is a change effective 04/01/09.
This list shows the SSN area and group numbers that are in
the process of being issued as of the date at the top of this page.

NOTE:  INDICATES GROUP CHANGE SINCE LAST MONTH.
001 08  002 06	003 06	004 11	005 11	006 08
007 08	008 92	009 92  010 92  011 92  012 92
013 92	014 92	015 92	016 92	017 92	018 92
019 92	020 92	021 92*	022 90	023 90	024 90
025 90	026 90	027 90	028 90 	029 90	030 90
031 90	032 90	033 90	034 90	035 74	036 72
037 72  038 72	039 72	040 13	041 13  042 13
043 13	044 13	045 13	046 13	047 13*	048 11 
049 11	050 98	051 98	052 98	053 98	054 98
055 98	056 98	057 98	058 98	059 98 	060 98 
061 98 	062 98 	063 98 	064 98 	065 98	066 98
067 98	068 98	069 98	070 98	071 98	072 98
073 98	074 98	075 98	076 98	077 98	078 98
079 98	080 98	081 98	082 98	083 98	084 98
085 98	086 98	087 98	088 98	089 98	090 98*
091 98*	092 98*	093 98*	094 96	095 96	096 96
097 96	098 96	099 96	100 96	101 96	102 96
103 96	104 96	105 96	106 96	107 96	108 96
109 96	110 96	111 96	112 96	113 96  114 96 
115 96  116 96  117 96  118 96  119 96	120 96
121 96	122 96	123 96	124 96	125 96	126 96 
127 96  128 96	129 96	130 96	131 96	132 96
133 96	134 96	135 21	136 21	137 21	138 21
139 21	140 21	141 21	142 21  143 21	144 21 
145 21	146 21	147 21*	148 21*	149 19	150 19
151 19	152 19	153 19	154 19  155 19	156 19
157 19	158 19	159 84	160 84	161 84	162 84
163 84	164 84	165 84	166 84	167 84	168 84
169 84	170 84	171 84	172 84	173 84	174 84
175 84	176 84	177 84	178 84	179 84	180 84 
181 84 	182 84	183 84	184 84	185 84	186 84
187 84	188 84	189 84	190 84	191 84	192 84
193 84	194 84	195 84  196 84	197 84	198 84
199 84	200 84	201 84	202 84	203 84	204 84
205 84	206 84	207 84	208 84*	209 82	210 82
211 82	212 83	213 83	214 83	215 83	216 83 
217 83	218 83	219 83	220 83*	221 08	222 08*
223 99	224 99  225 99  226 99  227 99	228 99
229 99	230 99	231 99	232 55	233 55	234 55
235 55*	236 53	237 99	238 99	239 99	240 99
241 99	242 99	243 99  244 99  245 99	246 99
247 99	248 99	249 99	250 99	251 99	252 99
253 99	254 99	255 99	256 99	257 99	258 99
259 99	260 99	261 99	262 99	263 99	264 99
265 99	266 99	267 99	268 15	269 15	270 15
271 15	272 15	273 15	274 15	275 15	276 15
277 15*	278 13	279 13	280 13	281 13	282 13
283 13	284 13	285 13	286 13  287 13	288 13
289 13	290 13	291 13	292 13	293 13	294 13
295 13	296 13	297 13	298 13	299 13	300 13
301 13	302 13	303 35	304 35*	305 33	306 33
307 33	308 33	309 33	310 33	311 33	312 33
313 33	314 33  315 33	316 33	317 33	318 08
319 08	320 08	321 08	322 08	323 08	324 08
325 08	326 08	327 08	328 08	329 08	330 08 
331 08	332 08	333 08	334 08 	335 08 	336 08
337 08	338 08	339 08	340 08*	341 08*	342 06
343 06	344 06	345 06	346 06	347 06	348 06
349 06 	350 06 	351 06	352 06	353 06	354 06
355 06	356 06	357 06	358 06	359 06	360 06
361 06	362 37	363 37*	364 35	365 35 	366 35
367 35	368 35	369 35	370 35	371 35	372 35
373 35	374 35	375 35	376 35	377 35	378 35 
379 35	380 35	381 35	382 35	383 35	384 35
385 35	386 35  387 31	388 31	389 31	390 31
391 31	392 31	393 31* 394 29	395 29	396 29
397 29	398 29	399 29	400 71	401 71*	402 69  
403 69	404 69	405 69	406 69	407 69	408 99
409 99	410 99	411 99  412 99	413 99	414 99
415 99	416 65	417 65	418 65*	419 63	420 63
421 63	422 63	423 63	424 63	425 99	426 99
427 99	428 99	429 99	430 99	431 99	432 99
433 99	434 99	435 99	436 99	437 99	438 99
439 99  440 25	441 25	442 25	443 25	444 25
445 25	446 25	447 23	448 23	449 99	450 99
451 99	452 99	453 99	454 99	455 99	456 99
457 99	458 99	459 99	460 99	461 99	462 99
463 99	464 99	465 99	466 99	467 99	468 53
469 53	470 53	471 53	472 53	473 53*	474 51
475 51	476 51	477 51	478 39	479 39	480 39
481 39  482 39	483 39	484 39*	485 37	486 27
487 27	488 27	489 27	490 27	491 27	492 27
493 27	494 27	495 27*	496 25 	497 25	498 25
499 25  500 25	501 35	502 33	503 43  504 41 
505 55	506 55	507 53	508 53	509 29	510 29
511 29	512 29	513 29  514 29	515 29	516 47
517 45	518 83	519 81  520 57 	521 99	522 99
523 99	524 99	525 99	526 99	527 99	528 99
529 99	530 99	531 67*	532 65	533 65	534 65
535 65  536 65	537 65	538 65  539 65	540 77 
541 77  542 77	543 77	544 77*	545 99	546 99
547 99	548 99	549 99	550 99	551 99	552 99
553 99	554 99	555 99	556 99	557 99	558 99
559 99	560 99	561 99	562 99	563 99	564 99
565 99	566 99	567 99	568 99	569 99	570 99
571 99	572 99	573 99	574 55	575 99	576 99
577 49	578 47 	579 47	580 39	581 99	582 99
583 99	584 99	585 99	586 63	587 99  588 05
589 99  590 99	591 99	592 99	593 99  594 99  
595 99  596 88	597 88	598 88*	599 86	600 99	
601 99  602 75	603 75	604 75	605 75	606 75	
607 75  608 75*	609 75*	610 75*	611 75*	612 75*	
613 75*	614 73	615 73	616 73	617 73	618 73	
619 73  620 73	621 73	622 73	623 73	624 73 	
625 73  626 73	627 19	628 19	629 19	630 19	
631 19  632 19	633 19  634 19	635 19  636 19 	
637 19  638 19*	639 19*	640 19* 641 19*	642 17	
643 17	644 17	645 17	646 08  647 08*	648 50	
649 50* 650 54* 651 52	652 52  653 52	654 32	
655 30 	656 30	657 30	658 30	659 18  660 18  
661 18  662 18  663 18  664 18	665 18*	667 40  
668 40  669 40  670 40	671 40	672 40	673 40	
674 40  675 40* 676 18	677 16	678 16  679 16
680 11*	681 18  682 18  683 18  684 18	685 18* 	
686 16 	687 16	688 16	689 16  690 16	691 12  
692 12* 693 10 	694 10  695 10  696 10  697 10 
698 10  699 10  700 18	701 18  702 18  703 18  
704 18  705 18  706 18	707 18  708 18  709 18  
710 18  711 18	712 18	713 18  714 18  715 18  
716 18  717 18	718 18	719 18  720 18  721 18  
722 18  723 18	724 28	725 18  726 18  727 10	
728 14  729 16	730 16	731 16	732 16	733 16*	
750 14* 751 12	752 05  753 03  754 03	755 03
756 09  757 09	758 09  759 09* 760 07 	761 07	
762 07  763 07	764 04* 765 02	766 80	767 80
768 80* 769 80*	770 80* 771 78  772 78	


 

 

