
	HIGHEST GROUP ISSUED AS OF 02/01/10

Anything with an asterisk(*) is a change effective 02/01/10.
This list shows the SSN area and group numbers that are in
the process of being issued as of the date at the top of this page.

NOTE:  INDICATES GROUP CHANGE SINCE LAST MONTH.
001 08  002 08	003 08	004 11	005 11	006 11
007 08	008 92	009 92  010 92  011 92  012 92
013 92	014 92	015 92	016 92	017 92	018 92
019 92	020 92	021 92	022 92	023 92	024 92
025 92	026 92	027 92	028 92	029 92	030 92
031 90	032 90	033 90	034 90	035 74	036 74
037 74 	038 72	039 72	040 15	041 15 	042 13
043 13	044 13	045 13	046 13	047 13	048 13 
049 13	050 98	051 98	052 98	053 98	054 98
055 98	056 98	057 98	058 98	059 98 	060 98 
061 98 	062 98 	063 98 	064 98 	065 98	066 98
067 98	068 98	069 98	070 98	071 98	072 98
073 98	074 98	075 98	076 98	077 98	078 98
079 98	080 98	081 98	082 98	083 98	084 98
085 98	086 98	087 98	088 98	089 98	090 98
091 98	092 98	093 98	094 98	095 98	096 98
097 98	098 98	099 98	100 98	101 98	102 98
103 98	104 98	105 98	106 98	107 98	108 98
109 98	110 98	111 98	112 98	113 98  114 98 
115 98  116 98  117 98 	118 98 	119 98	120 98
121 98	122 98	123 98	124 98	125 98	126 98 
127 98* 128 98*	129 98*	130 98*	131 96	132 96
133 96	134 96	135 23	136 23	137 23	138 23*
139 21	140 21	141 21	142 21  143 21	144 21 
145 21	146 21	147 21	148 21	149 21	150 21
151 21	152 21	153 21	154 21  155 21	156 21
157 21	158 21	159 86	160 86	161 86	162 86
163 86	164 86	165 86	166 86	167 86	168 86			
169 86	170 86*	171 86*	172 84	173 84	174 84
175 84	176 84	177 84	178 84	179 84	180 84 
181 84 	182 84	183 84	184 84	185 84	186 84
187 84	188 84	189 84	190 84	191 84	192 84
193 84	194 84	195 84  196 84	197 84	198 84
199 84	200 84	201 84	202 84	203 84	204 84
205 84	206 84	207 84	208 84	209 84	210 84
211 84	212 87	213 87	214 87*	215 85	216 85 
217 85	218 85	219 85	220 85 	221 11	222 08
223 99	224 99  225 99  226 99  227 99	228 99	
229 99	230 99	231 99	232 57*	233 55	234 55
235 55	236 55	237 99	238 99	239 99	240 99
241 99	242 99	243 99  244 99  245 99	246 99
247 99	248 99	249 99	250 99	251 99	252 99
253 99	254 99	255 99	256 99	257 99	258 99
259 99	260 99	261 99	262 99	263 99	264 99
265 99	266 99	267 99	268 15	269 15	270 15
271 15	272 15	273 15	274 15	275 15	276 15
277 15	278 15	279 15	280 15	281 15	282 15
283 15	284 15	285 15	286 15  287 15	288 15
289 15	290 15	291 15*	292 13	293 13	294 13
295 13	296 13	297 13	298 13	299 13	300 13
301 13	302 13	303 35	304 35	305 35	306 35
307 35	308 35	309 35	310 35	311 35	312 35*
313 33	314 33  315 33	316 33	317 33	318 08
319 08	320 08	321 08	322 08	323 08	324 08
325 08	326 08	327 08	328 08	329 08	330 08 
331 08	332 08	333 08	334 08 	335 08 	336 08
337 08	338 08	339 08	340 08	341 08	342 08
343 08	344 08	345 08	346 08	347 08	348 08
349 08	350 08	351 08	352 08	353 08	354 08
355 08	356 08	357 08	358 08*	359 08*	360 06
361 06	362 37	363 37	364 37	365 37	366 37
367 37	368 37	369 37	370 37	371 37	372 37
373 37	374 37	375 37*	376 35	377 35	378 35 
379 35	380 35	381 35	382 35	383 35	384 35
385 35	386 35  387 31	388 31	389 31	390 31
391 31	392 31	393 31  394 31	395 31	396 31
397 31	398 31	399 31	400 71	401 71	402 71  
403 71	404 71	405 71	406 71	407 69	408 99
409 99	410 99	411 99  412 99	413 99	414 99
415 99	416 65	417 65	418 65	419 65	420 65
421 65	422 65	423 65	424 63	425 99	426 99
427 99	428 99	429 99	430 99	431 99	432 99
433 99	434 99	435 99	436 99	437 99	438 99
439 99  440 27	441 27	442 27	443 25	444 25
445 25	446 25	447 25	448 25	449 99	450 99
451 99	452 99	453 99	454 99	455 99	456 99
457 99	458 99	459 99	460 99	461 99	462 99
463 99	464 99	465 99	466 99	467 99	468 55
469 55	470 55	471 53	472 53	473 53	474 53
475 53	476 53	477 53	478 41	479 41	480 41*
481 39  482 39	483 39	484 39	485 39	486 29
487 29	488 27	489 27	490 27	491 27	492 27
493 27	494 27	495 27	496 27	497 27	498 27
499 27  500 27	501 35	502 35	503 43  504 43 
505 57*	506 55	507 55	508 55	509 31	510 31
511 31	512 31	513 29  514 29	515 29	516 47
517 47	518 85	519 83  520 59	521 99	522 99
523 99	524 99	525 99	526 99	527 99	528 99
529 99	530 99	531 69	532 69*	533 67	534 67
535 67  536 67	537 67	538 67 	539 67	540 79 
541 79  542 79	543 79	544 77	545 99	546 99
547 99	548 99	549 99	550 99	551 99	552 99
553 99	554 99	555 99	556 99	557 99	558 99
559 99	560 99	561 99	562 99	563 99	564 99
565 99	566 99	567 99	568 99	569 99	570 99
571 99	572 99	573 99	574 57	575 99	576 99
577 51	578 49	579 49	580 39	581 99	582 99
583 99	584 99	585 99	586 65	587 99  588 07*
589 99  590 99	591 99	592 99	593 99  594 99  
595 99  596 90	597 90	598 90*	599 88	600 99	
601 99  602 79	603 79	604 79	605 79	606 79	
607 79  608 79	609 79	610 79	611 79	612 79	
613 79	614 79	615 79	616 79	617 79	618 79*	
619 79* 620 79*	621 79*	622 79*	623 77	624 77 	
625 77  626 77	627 23	628 23	629 23	630 23	
631 23 	632 23	633 23 	634 23	635 23  636 23 	
637 23  638 23	639 23	640 23 	641 23	642 23*
643 23*	644 23*	645 23*	646 15* 647 13	648 54*	
649 52 	650 56  651 56	652 56 	653 56*	654 34	
655 34*	656 32	657 32	658 32	659 20  660 20  
661 20  662 20 	663 20  664 20*	665 18	667 44  
668 44  669 44 	670 44	671 44*	672 42	673 42	
674 42  675 42  676 20*	677 18	678 18  679 18
680 19*	681 20  682 20  683 20 	684 20	685 20 	
686 20	687 20	688 20*	689 18  690 18	691 14  
692 14	693 14*	694 12  695 12  696 12  697 12 
698 12  699 12 	700 18	701 18  702 18  703 18  
704 18  705 18  706 18	707 18  708 18  709 18  
710 18  711 18	712 18	713 18  714 18  715 18  
716 18  717 18	718 18	719 18  720 18  721 18  
722 18  723 18	724 28	725 18  726 18  727 10	
728 14  729 20	730 20	731 20	732 20*	733 18	
750 16 	751 14	752 05  753 05  754 05	755 05
756 10  757 10	758 10 	759 10* 760 09	761 09	
762 09  763 09	764 13	765 13*	766 88 	767 88
768 88*	769 88*	770 86  771 86  772 86	


 

 

