
	HIGHEST GROUP ISSUED AS OF 03/01/06


Anything with an asterisk* is a change effective 03/01/06.
This list shows the SSN area and group numbers that are in
the process of being issued as of the date at the top of this page.

NOTE:  INDICATES GROUP CHANGE SINCE LAST MONTH.
001 04  002 02	003 02	004 06	005 06 	006 06
007 06 	008 90	009 88	010 88  011 88  012 88
013 88	014 88	015 88	016 88	017 88	018 88
019 88	020 88	021 88	022 88	023 88	024 88
025 88	026 88	027 88	028 88	029 88	030 88
031 88	032 88 	033 88	034 88	035 72	036 70
037 70	038 70	039 70	040 08	041 08  042 08
043 08	044 08	045 08	046 08	047 08	048 08
049 06	050 96*	051 94	052 94	053 94	054 94
055 94	056 94	057 94	058 94	059 94  060 94 
061 94  062 94  063 94  064 94  065 94	066 94
067 94	068 94	069 94	070 94	071 94	072 94
073 94	074 94	075 94	076 94	077 94	078 94
079 94	080 94	081 94	082 94	083 94	084 94
085 94	086 94	087 94	088 94	089 94	090 94
091 94	092 94	093 94	094 94	095 94	096 94
097 94	098 94	099 94	100 94	101 94	102 94
103 94	104 94	105 94	106 94	107 94	108 94
109 94	110 94	111 94	112 94	113 94  114 94
115 94  116 94  117 94  118 94  119 94	120 94
121 94	122 94	123 94	124 94 	125 94 	126 94 
127 94  128 94	129 94	130 94	131 94	132 94
133 94*	134 94*	135 17 	136 17	137 17	138 17
139 17*	140 15	141 15	142 15  143 15	144 15
145 15	146 15	147 15	148 15	149 15	150 15
151 15	152 15	153 15	154 15  155 15	156 15
157 15	158 15	159 82	160 82	161 82	162 82
163 82	164 82	165 82	166 82	167 82	168 82
169 82	170 82	171 82	172 82	173 82	174 82
175 82	176 82	177 82	178 82	179 82	180 82
181 82	182 82	183 82	184 82	185 82	186 82
187 82	188 82	189 82	190 82	191 82	192 82
193 82	194 82	195 82  196 82	197 82	198 82
199 82 	200 82	201 82	202 82	203 82*	204 82*
205 80	206 80	207 80	208 80	209 80	210 80
211 80	212 75	213 75*	214 73	215 73	216 73
217 73	218 73	219 73 	220 73	221 02	222 02
223 99	224 99  225 99  226 99  227 99	228 99
229 99	230 99	231 99	232 53	233 51	234 51
235 51	236 51	237 99	238 99	239 99	240 99
241 99	242 99	243 99  244 99  245 99	246 99
247 99	248 99	249 99	250 99	251 99	252 99
253 99	254 99	255 99	256 99	257 99	258 99
259 99	260 99	261 99	262 99	263 99	264 99
265 99	266 99	267 99	268 11	269 11	270 11
271 11	272 11	273 11	274 11	275 11	276 11
277 11	278 11	279 11	280 11	281 11	282 11
283 11	284 11	285 11	286 11  287 11	288 11
289 11 	290 11	291 11	292 11	293 11*	294 08
295 08	296 08	297 08	298 08	299 08	300 08
301 08	302 08	303 29	304 29	305 29	306 29
307 29	308 29	309 29	310 29	311 29	312 29
313 29	314 29  315 29	316 29	317 29*	318 04
319 04	320 04	321 04	322 04	323 04	324 04
325 04	326 04	327 04	328 04	329 04	330 04
331 04	332 04	333 04	334 04  335 04  336 04
337 04	338 04	339 04	340 04	341 04	342 04
343 04	344 04	345 04	346 04	347 04	348 04
349 04	350 04	351 04 	352 04 	353 04	354 04
355 04	356 04	357 04	358 04*	359 02	360 02
361 02	362 33 	363 33	364 33	365 33*	366 33*
367 31	368 31	369 31	370 31	371 31	372 31
373 31	374 31	375 31	376 31	377 31	378 31
379 31	380 31	381 31	382 31	383 31	384 31
385 31	386 31  387 27	388 27	389 27	390 27
391 27 	392 27	393 27* 394 25	395 25	396 25
397 25	398 25	399 25	400 65	401 65	402 65  
403 65	404 63	405 63	406 63	407 63	408 99
409 99	410 99	411 99  412 99	413 99	414 99
415 99	416 59	417 59	418 59	419 59	420 59
421 59 	422 59	423 57	424 57	425 99	426 97
427 97	428 97	429 99	430 99	431 99	432 99
433 99	434 99	435 99	436 99	437 99	438 99
439 99  440 21	441 21	442 21	443 21	444 21
445 21	446 19	447 19	448 19	449 99	450 99
451 99	452 99	453 99	454 99	455 99	456 99
457 99	458 99	459 99	460 99	461 99	462 99
463 99	464 99	465 99	466 99	467 99	468 47
469 47	470 47	471 47	472 47	473 47	474 47
475 47	476 45	477 45	478 35	479 35	480 35
481 35  482 35	483 35	484 35	485 35	486 23
487 23	488 23	489 23	490 23	491 23	492 23
493 23	494 23 	495 23	496 23*	497 21	498 21
499 21  500 21	501 31	502 31	503 39* 504 37
505 49	506 49	507 49	508 49 	509 25	510 25
511 25	512 25	513 25  514 25	515 23	516 41
517 41	518 73	519 73  520 51  521 99	522 99
523 99	524 99	525 99	526 99	527 99	528 99
529 99	530 99	531 59	532 57	533 57	534 57
535 57  536 57	537 57	538 57 	539 57	540 71
541 69	542 69	543 69	544 69	545 99	546 99
547 99	548 99	549 99	550 99	551 99	552 99
553 99	554 99	555 99	556 99	557 99	558 99
559 99	560 99	561 99	562 99	563 99	564 99
565 99	566 99	567 99	568 99	569 99	570 99
571 99	572 99	573 99	574 45	575 99	576 99
577 41	578 41  579 39	580 37	581 99	582 99
583 99	584 99	585 99	586 57	587 97	589 99
590 99	591 99	592 99	593 99  594 99  595 99
596 80	597 80 	598 80	599 78	600 99	601 99
602 55 	603 55	604 55	605 55	606 55	607 55
608 55	609 55	610 55	611 55	612 55	613 55
614 55	615 55*	616 55*	617 55*	618 55*	619 55*
620 55*	621 55*	622 53 	623 53  624 53 	625 53 
626 53 	627 02	628 02	629 02	630 02	631 02
632 02	633 02	634 02*	635 02*	636 02*	637 98
638 98	639 98	640 98  641 98 	642 98 	643 98 
644 98	645 98	646 86  647 86*	648 40	649 38
650 38  651 38 	652 38  653 38*	654 22	655 22 
656 22	657 20	658 20	659 12  660 12  661 12  
662 10  663 10  664 10 	665 10	667 28  668 28 
669 28  670 28 	671 28	672 28	673 28	674 28*  
675 28* 676 10  677 10  678 10* 679 09	680 74 
681 09	682 09  683 09  684 09	685 09  686 09
687 09	688 09	689 09*	690 07	691 03  692 03
693 03  694 03  695 03  696 03  697 03*	698 01
699 01  700 18	701 18  702 18  703 18  704 18	
705 18  706 18	707 18  708 18  709 18  710 18  
711 18	712 18	713 18  714 18  715 18  716 18  
717 18	718 18	719 18  720 18  721 18  722 18  
723 18	724 28	725 18  726 18  727 10	728 14  
729 07 	730 05 	731 05  732 05	733 05 	750 05 	
751 03 	756 01  757 01  758 01  759 01  760 01
761 01* 764 62* 765 60	766 48*	767 46	768 46	
769 46	770 46 	771 46* 772 46*	


 

 

