
	HIGHEST GROUP ISSUED AS OF 3/03/08


Anything with an asterisk (*) is a change effective 3/03/08.
This list shows the SSN area and group numbers that are in
the process of being issued as of the date at the top of this page.

NOTE:  INDICATES GROUP CHANGE SINCE LAST MONTH.
001 06  002 06	003 04	004 08	005 08	006 08
007 08	008 92	009 90  010 90  011 90  012 90
013 90	014 90	015 90	016 90	017 90	018 90
019 90	020 90	021 90	022 90	023 90	024 90
025 90	026 90	027 90	028 90 	029 90	030 90
031 90	032 90	033 90*	034 88	035 72	036 72
037 72  038 72	039 72*	040 13	041 13* 042 11
043 11	044 11	045 11	046 11	047 11	048 11 
049 11	050 96	051 96	052 96	053 96	054 96
055 96	056 96	057 96	058 96	059 96  060 96 
061 96  062 96  063 96  064 96  065 96	066 96
067 96	068 96	069 96	070 96	071 96	072 96
073 96	074 96	075 96	076 96	077 96	078 96
079 96	080 96	081 96	082 96	083 96	084 96
085 96	086 96	087 96	088 96	089 96	090 96
091 96	092 96	093 96	094 96	095 96	096 96
097 96	098 96	099 96	100 96	101 96	102 96
103 96	104 96	105 96	106 96	107 96	108 96
109 96	110 96	111 96	112 96	113 96  114 96 
115 96  116 96  117 96  118 96  119 96	120 96
121 96	122 96	123 96	124 96	125 96	126 96 
127 96  128 96	129 96	130 96	131 96*	132 96*
133 94	134 94	135 19	136 19	137 19	138 19
139 19	140 19	141 19	142 19  143 19	144 19 
145 19 	146 19	147 19	148 19	149 19	150 19
151 19	152 19*	153 17	154 17  155 17	156 17
157 17	158 17	159 84	160 84	161 84	162 84
163 84	164 84	165 84	166 84	167 84	168 84
169 84	170 84	171 84	172 84	173 84	174 84
175 84	176 84	177 84	178 84	179 84	180 84 
181 84 	182 84	183 84	184 84	185 84	186 84
187 84	188 84*	189 82	190 82	191 82	192 82
193 82	194 82	195 82  196 82	197 82	198 82
199 82 	200 82	201 82	202 82	203 82	204 82
205 82	206 82	207 82	208 82	209 82	210 82
211 82	212 81	213 81	214 81*	215 79	216 79 
217 79	218 79 	219 79	220 79	221 06	222 06
223 99	224 99  225 99  226 99  227 99	228 99
229 99	230 99	231 99	232 55	233 53	234 53
235 53	236 53	237 99	238 99	239 99	240 99
241 99	242 99	243 99  244 99  245 99	246 99
247 99	248 99	249 99	250 99	251 99	252 99
253 99	254 99	255 99	256 99	257 99	258 99
259 99	260 99	261 99	262 99	263 99	264 99
265 99	266 99	267 99	268 13	269 13	270 13
271 13 	272 13 	273 13	274 13	275 13	276 13
277 13	278 13	279 13	280 13	281 13	282 13
283 13	284 13	285 13	286 13  287 13	288 13
289 13	290 13	291 13	292 13	293 13*	294 13*
295 11	296 11	297 11	298 11	299 11	300 11
301 11	302 11	303 33	304 33	305 33	306 33
307 33	308 33*	309 31	310 31 	311 31	312 31
313 31	314 31  315 31	316 31	317 31	318 06
319 06	320 06	321 06	322 06	323 06	324 06
325 06	326 06	327 06	328 06	329 06	330 06 
331 06 	332 06	333 06	334 06  335 06  336 06
337 06	338 06	339 06	340 06	341 06	342 06
343 06	344 06	345 06	346 06	347 06	348 06
349 06 	350 06 	351 06	352 06	353 06	354 06
355 06	356 06	357 06	358 06	359 06*	360 06*
361 04	362 35	363 35	364 35	365 35 	366 35
367 35	368 35	369 35	370 35	371 35	372 35*
373 33	374 33	375 33	376 33	377 33 	378 33 
379 33	380 33	381 33	382 33	383 33	384 33
385 33	386 33  387 29	388 29	389 29	390 29
391 29	392 29	393 29  394 29	395 29	396 29
397 27	398 27	399 27	400 69	401 69*	402 67  
403 67	404 67	405 67	406 67	407 67	408 99
409 99	410 99	411 99  412 99	413 99	414 99
415 99	416 63 	417 63	418 63	419 63*	420 61
421 61	422 61	423 61	424 61	425 99	426 99
427 99	428 99	429 99	430 99	431 99	432 99
433 99	434 99	435 99	436 99	437 99	438 99
439 99  440 23	441 23 	442 23	443 23	444 23
445 23	446 23	447 23	448 23	449 99	450 99
451 99	452 99	453 99	454 99	455 99	456 99
457 99	458 99	459 99	460 99	461 99	462 99
463 99	464 99	465 99	466 99	467 99	468 51
469 51	470 51 	471 51	472 51	473 51	474 51*
475 49	476 49	477 49	478 39	479 37	480 37
481 37  482 37	483 37	484 37	485 37	486 25
487 25	488 25 	489 25	490 25	491 25	492 25
493 25	494 25	495 25	496 25 	497 25	498 25
499 25  500 25*	501 33	502 33	503 41  504 39 
505 53	506 53	507 51 	508 51	509 29	510 29
511 27	512 27	513 27  514 27	515 27	516 45
517 43 	518 79	519 79* 520 55  521 99	522 99
523 99	524 99	525 99	526 99	527 99	528 99
529 99	530 99	531 63	532 63 	533 63	534 63
535 63  536 63	537 63*	538 61  539 61	540 75 
541 75  542 75	543 73	544 73	545 99	546 99
547 99	548 99	549 99	550 99	551 99	552 99
553 99	554 99	555 99	556 99	557 99	558 99
559 99	560 99	561 99	562 99	563 99	564 99
565 99	566 99	567 99	568 99	569 99	570 99
571 99	572 99	573 99	574 51	575 99	576 99
577 47*	578 45  579 45	580 39	581 99	582 99
583 99	584 99	585 99	586 61	587 99  588 03
589 99  590 99	591 99	592 99	593 99  594 99  
595 99  596 86	597 84	598 84	599 84	600 99	
601 99  602 69*	603 69*	604 69*	605 69*	606 69*	
607 67  608 67	609 67	610 67	611 67	612 67	
613 67  614 67	615 67	616 67	617 67	618 67	
619 67  620 67	621 67	622 67	623 67	624 67* 	
625 67* 626 67*	627 13	628 13	629 13	630 13	
631 13  632 13	633 13	634 13	635 13  636 13 	
637 13  638 13	639 13	640 13* 641 13*	642 13*	
643 13* 644 13*	645 11	646 02* 647 98	648 46	
649 46* 650 48  651 48	652 46  653 46	654 28	
655 28  656 28	657 26	658 26 	659 16  660 16  
661 16  662 16  663 16  664 14	665 14	667 36  
668 36  669 36  670 36	671 36	672 36*	673 36*	
674 36* 675 34  676 14	677 14  678 14  679 14	
680 96* 681 14	682 14  683 14  684 14	685 14 	
686 14  687 14	688 14	689 14*	690 12	691 09  
692 09  693 09  694 09	695 09  696 09* 697 07	
698 07  699 07  700 18	701 18  702 18  703 18  
704 18  705 18  706 18	707 18  708 18  709 18  
710 18  711 18	712 18	713 18  714 18  715 18  
716 18  717 18	718 18	719 18  720 18  721 18  
722 18  723 18	724 28	725 18  726 18  727 10	
728 14  729 12	730 12	731 12  732 12*	733 10	
750 10  751 09 	752 03  753 01  754 01	755 01*
756 07* 757 05	758 05  759 05  760 05  761 05	
762 05  763 05	764 88* 765 86	766 70* 767 70*
768 68  769 68	770 68  771 68  772 68*	


 

 

