
	HIGHEST GROUP ISSUED AS OF 11/01/06


Anything with an asterisk (*) is a change effective 11/01/06.
This list shows the SSN area and group numbers that are in
the process of being issued as of the date at the top of this page.

NOTE:  INDICATES GROUP CHANGE SINCE LAST MONTH.
001 04  002 04	003 04	004 08	005 06 	006 06
007 06 	008 90	009 88	010 90  011 90  012 90
013 90	014 90	015 90	016 90	017 90	018 90*
019 88	020 88	021 88	022 88	023 88	024 88
025 88	026 88	027 88	028 88	029 88	030 88
031 88	032 88 	033 88	034 88	035 72	036 72
037 70	038 70	039 70	040 11	041 11  042 11
043 11*	044 08	045 08	046 08	047 08	048 08
049 08	050 96	051 96	052 96	053 96	054 96
055 96	056 96	057 96	058 96	059 96  060 96 
061 96  062 96  063 96  064 96  065 96	066 96
067 96	068 96	069 96	070 96	071 96	072 96
073 96	074 96	075 96	076 96	077 96*	078 96*
079 96*	080 96*	081 94	082 94	083 94	084 94
085 94	086 94	087 94	088 94	089 94	090 94
091 94	092 94	093 94	094 94	095 94	096 94
097 94	098 94	099 94	100 94	101 94	102 94
103 94	104 94	105 94	106 94	107 94	108 94
109 94	110 94	111 94	112 94	113 94  114 94
115 94  116 94  117 94  118 94  119 94	120 94
121 94	122 94	123 94	124 94 	125 94 	126 94 
127 94  128 94	129 94	130 94	131 94	132 94
133 94	134 94	135 17 	136 17	137 17	138 17
139 17	140 17	141 17	142 17  143 17	144 17
145 17	146 17	147 17	148 17	149 17	150 17
151 17*	152 17*	153 15	154 15  155 15	156 15
157 15	158 15	159 84	160 84	161 84	162 84
163 84*	164 84*	165 82	166 82	167 82	168 82
169 82	170 82	171 82	172 82	173 82	174 82
175 82	176 82	177 82	178 82	179 82	180 82
181 82	182 82	183 82	184 82	185 82	186 82
187 82	188 82	189 82	190 82	191 82	192 82
193 82	194 82	195 82  196 82	197 82	198 82
199 82 	200 82	201 82	202 82	203 82	204 82
205 82	206 82	207 82	208 82	209 82	210 82
211 82	212 77	213 77	214 77*	215 75	216 75
217 75	218 75	219 75	220 75	221 04	222 04
223 99	224 99  225 99  226 99  227 99	228 99
229 99	230 99	231 99	232 53	233 53	234 53
235 51	236 51	237 99	238 99	239 99	240 99
241 99	242 99	243 99  244 99  245 99	246 99
247 99	248 99	249 99	250 99	251 99	252 99
253 99	254 99	255 99	256 99	257 99	258 99
259 99	260 99	261 99	262 99	263 99	264 99
265 99	266 99	267 99	268 13	269 13	270 13*
271 11	272 11	273 11	274 11	275 11	276 11
277 11	278 11	279 11	280 11	281 11	282 11
283 11	284 11	285 11	286 11  287 11	288 11
289 11 	290 11	291 11	292 11	293 11	294 11
295 11	296 11	297 11	298 11	299 11	300 11
301 11	302 11	303 31	304 31	305 31	306 31
307 31	308 31	309 31*	310 29	311 29	312 29
313 29	314 29  315 29	316 29	317 29	318 06
319 06	320 06	321 06	322 06	323 06	324 06
325 06	326 06	327 06	328 06	329 06*	330 04
331 04	332 04	333 04	334 04  335 04  336 04
337 04	338 04	339 04	340 04	341 04	342 04
343 04	344 04	345 04	346 04	347 04	348 04
349 04	350 04	351 04 	352 04 	353 04	354 04
355 04	356 04	357 04	358 04	359 04	360 04
361 04	362 33 	363 33	364 33	365 33	366 33
367 33	368 33	369 33	370 33	371 33	372 33
373 33	374 33	375 33	376 33*	377 31	378 31
379 31	380 31	381 31	382 31	383 31	384 31
385 31	386 31  387 27	388 27	389 27	390 27
391 27 	392 27	393 27  394 27	395 27	396 27
397 27	398 27	399 27*	400 67*	401 65	402 65  
403 65	404 65	405 65	406 65	407 65	408 99
409 99	410 99	411 99  412 99	413 99	414 99
415 99	416 61	417 61	418 61	419 59	420 59
421 59 	422 59	423 59	424 59	425 99	426 99
427 99	428 99	429 99	430 99	431 99	432 99
433 99	434 99	435 99	436 99	437 99	438 99
439 99  440 23	441 21	442 21	443 21	444 21
445 21	446 21	447 21	448 21	449 99	450 99
451 99	452 99	453 99	454 99	455 99	456 99
457 99	458 99	459 99	460 99	461 99	462 99
463 99	464 99	465 99	466 99	467 99	468 49
469 49	470 49	471 49	472 49*	473 47	474 47
475 47	476 47	477 47	478 37	479 37	480 37
481 35  482 35	483 35	484 35	485 35	486 25
487 25	488 23	489 23	490 23	491 23	492 23
493 23	494 23 	495 23	496 23	497 23	498 23
499 23  500 23	501 33	502 31	503 39  504 37
505 51	506 51	507 49	508 49 	509 27	510 27
511 27*	512 25	513 25  514 25	515 25	516 43
517 41	518 75	519 75* 520 51  521 99	522 99
523 99	524 99	525 99	526 99	527 99	528 99
529 99	530 99	531 59	532 59	533 59	534 59
535 59  536 59	537 59	538 59  539 59*	540 71
541 71	542 71	543 71	544 71	545 99	546 99
547 99	548 99	549 99	550 99	551 99	552 99
553 99	554 99	555 99	556 99	557 99	558 99
559 99	560 99	561 99	562 99	563 99	564 99
565 99	566 99	567 99	568 99	569 99	570 99
571 99	572 99	573 99	574 47	575 99	576 99
577 43	578 43* 579 41	580 37	581 99	582 99
583 99	584 99	585 99	586 59	587 99* 589 99
590 99	591 99	592 99	593 99  594 99  595 99
596 82	597 82	598 82*	599 80	600 99	601 99
602 59 	603 59	604 59	605 59	606 59	607 59
608 59	609 59	610 59	611 59	612 59	613 59
614 59	615 59	616 59	617 59	618 59*	619 59*
620 59*	621 59*	622 59*	623 59*	624 57	625 57 
626 57	627 06	628 06*	629 06*	630 06*	631 06*
632 06*	633 04	634 04	635 04	636 04	637 04
638 04	639 04	640 04  641 04	642 04	643 04
644 04	645 04	646 90  647 90*	648 42	649 40
650 42  651 42*	652 40  653 40	654 24	655 24 
656 24	657 22	658 22	659 14  660 14* 661 12  
662 12  663 12  664 12	665 12	667 32* 668 30 
669 30  670 30	671 30	672 30	673 30	674 30  
675 30  676 12 	677 12* 678 10  679 10	680 80
681 10	682 10  683 10  684 10	685 10 	686 10
687 10	688 10	689 10*	690 09	691 05  692 05
693 05  694 05 	695 05  696 05  697 05*	698 03
699 03  700 18	701 18  702 18  703 18  704 18	
705 18  706 18	707 18  708 18  709 18  710 18  
711 18	712 18	713 18  714 18  715 18  716 18  
717 18	718 18	719 18  720 18  721 18  722 18  
723 18	724 28	725 18  726 18  727 10	728 14  
729 09*	730 07	731 07  732 07	733 07	750 07 	
751 05	756 03  757 03 	758 03  759 03  760 01
761 01 	762 01  763 01  764 70  765 70*	766 54
767 54	768 54  769 54*	770 54* 771 54* 772 52	


 

 

