
	HIGHEST GROUP ISSUED AS OF 12/01/03


 Anything with an asterisk is a change effective 12/01/03.
This list shows the SSN area and group numbers that are in
the process of being issued as of the date at the top of this page.

NOTE:   *INDICATES GROUP CHANGE SINCE LAST MONTH.
001 98  002 98 	003 98	004 04	005 04	006 04
007 04	008 88*	009 86	010 86  011 86  012 86
013 86	014 86	015 86	016 86	017 86	018 86
019 86	020 86	021 86	022 86	023 86	024 86
025 86	026 86	027 86	028 86	029 86	030 86
031 86	032 86	033 86	034 84	035 70	036 70
037 68	038 68	039 68	040 06	041 06  042 06
043 06	044 06	045 06	046 04	047 04	048 04
049 04	050 92	051 92	052 92	053 92	054 92
055 92	056 92	057 92	058 92	059 92  060 92 
061 92  062 92  063 92  064 92  065 92	066 92
067 92	068 92	069 92	070 92	071 92	072 92
073 92	074 92	075 92	076 92	077 92	078 92
079 92	080 92	081 92	082 92	083 92	084 92
085 92	086 92	087 92	088 92	089 92	090 92
091 92	092 92	093 92	094 92	095 92	096 92
097 92	098 92	099 92	100 92	101 92	102 92
103 92	104 92	105 92	106 92	107 92	108 92
109 92	110 92	111 92	112 92	113 92  114 92
115 92  116 92  117 92  118 92  119 92	120 92
121 92	122 92	123 92	124 92	125 92	126 92
127 92*	128 92*	129 92*	130 90	131 90	132 90
133 90	134 90	135 13	136 13	137 13	138 13
139 13	140 13	141 13	142 13  143 13	144 13
145 13	146 13	147 13*	148 11	149 11	150 11
151 11	152 11	153 11	154 11  155 11	156 11
157 11	158 11	159 82	160 82	161 82	162 82
163 82*	164 82*	165 80	166 80	167 80	168 80
169 80	170 80	171 80	172 80	173 80	174 80
175 80	176 80	177 80	178 80	179 80	180 80
181 80	182 80	183 80	184 80	185 80	186 80
187 80	188 80	189 80	190 80	191 80	192 80
193 80	194 80	195 80  196 80	197 80	198 80
199 80	200 80	201 80	202 80	203 80	204 80
205 80	206 80	207 80	208 80	209 80	210 80
211 80	212 67	213 67	214 67	215 67	216 67
217 67	218 67	219 67  220 67*	221 98	222 96
223 97	224 97	225 97  226 97  227 97	228 97
229 97*	230 95	231 95	232 51	233 49	234 49
235 49	236 49	237 99	238 99	239 99	240 99
241 99	242 99	243 99  244 99  245 99	246 99
247 99	248 99	249 99	250 99	251 99	252 99
253 99	254 99	255 99	256 99	257 99	258 99
259 99	260 99	261 99	262 99	263 99	264 99
265 99	266 99	267 99	268 08	269 08	270 08
271 08	272 08	273 08	274 08	275 08	276 08
277 08	278 08	279 08	280 08	281 08	282 08
283 08	284 08	285 08	286 08  287 08	288 08
289 08*	290 08*	291 06	292 06	293 06	294 06
295 06	296 06	297 06	298 06	299 06	300 06
301 06	302 06	303 27	304 27	305 27	306 27
307 27	308 27	309 27	310 27	311 25	312 25
313 25	314 25  315 25	316 25	317 25	318 02
319 02	320 02	321 02	322 02	323 02	324 02
325 02	326 02	327 02	328 02	329 02	330 02
331 02	332 02	333 02	334 02  335 02  336 02
337 02	338 02	339 02	340 02	341 02	342 02
343 02	344 02	345 02	346 02	347 02	348 02
349 02	350 02*	351 02*	352 98	353 98	354 98
355 98	356 98	357 98	358 98	359 98	360 98
361 98	362 29	363 29	364 29	365 29	366 29
367 29	368 29	369 29	370 29	371 29	372 29
373 29	374 29	375 29	376 29	377 29	378 29
379 29	380 29	381 29*	382 27	383 27	384 27
385 27	386 27  387 25	388 23	389 23	390 23
391 23	392 23	393 23  394 23	395 23	396 23
397 23	398 23	399 23	400 61	401 61	402 61 
403 61	404 61	405 59	406 59	407 59	408 97
409 95	410 95	411 95  412 95	413 95	414 95
415 95	416 57	417 55	418 55	419 55	420 55
421 55	422 55	423 55	424 55	425 93	426 93
427 93	428 93	429 99	430 99	431 99	432 99
433 99	434 99	435 99	436 99	437 99	438 99
439 99  440 19	441 19	442 17	443 17	444 17
445 17	446 17	447 17	448 17	449 99	450 99
451 99	452 99	453 99	454 99	455 99	456 99
457 99	458 99	459 99	460 99	461 99	462 99
463 99	464 99	465 99	466 99	467 99	468 43
469 43	470 43	471 43	472 43	473 43	474 43
475 43*	476 41	477 41	478 33	479 33	480 33
481 33  482 33	483 33	484 31	485 31	486 21
487 21	488 21	489 21	490 21	491 21	492 19
493 19	494 19	495 19	496 19	497 19	498 19
499 19  500 19	501 29	502 29	503 35  504 35
505 47	506 47*	507 45	508 45	509 23	510 23
511 23	512 21	513 21  514 21	515 21	516 39
517 37	518 67	519 67  520 47  521 99	522 99
523 99	524 99	525 99	526 99	527 99	528 99
529 99	530 99	531 53	532 53	533 53	534 53
535 53* 536 51	537 51	538 51	539 51	540 65
541 65	542 65	543 65	544 63	545 99	546 99
547 99	548 99	549 99	550 99	551 99	552 99
553 99	554 99	555 99	556 99	557 99	558 99
559 99	560 99	561 99	562 99	563 99	564 99
565 99	566 99	567 99	568 99	569 99	570 99
571 99	572 99	573 99	574 39	575 97	576 97
577 37	578 35  579 35	580 35	581 99	582 99
583 99	584 99	585 99	586 51	587 93	589 99
590 99	591 99	592 99	593 99  594 99  595 99
596 74	597 74	598 74*	599 72	600 99	601 99
602 41	603 41	604 41	605 41	606 41	607 41
608 41	609 41	610 41	611 41  612 41  613 41
614 41	615 41	616 41  617 41  618 41	619 41
620 41	621 41	622 41*	623 41* 624 41*	625 41*
626 41*	627 88	628 88	629 88	630 88	631 88
632 88  633 88  634 88  635 88  636 88	637 88
638 88	639 88	640 88  641 88	642 88*	643 88*
644 88*	645 86	646 74* 647 72  648 32	649 32*
650 30* 651 28	652 28  653 28	654 16	655 16
656 16	657 16*	658 14	659 09  660 09  661 09*  
662 07  663 07  664 07  665 07  667 20  668 20 
669 20  670 20  671 20  672 20	673 20*	674 20*  
675 18  676 07  677 05  678 05  679 05	680 52
681 03	682 03  683 03  684 03* 685 01  686 01
687 03  688 01  689 01	690 01	700 18  701 18
702 18  703 18 	704 18  705 18  706 18  707 18  
708 18  709 18  710 18  711 18	712 18	713 18
714 18  715 18  716 18  717 18	718 18	719 18
720 18  721 18  722 18  723 18	724 28	725 18
726 18  727 10	728 14  729 01 	730 01  731 01
764 36	765 36*	766 26*	767 24 	768 24  769 24
770 24	771 24*	772 24*



 

 

