
	HIGHEST GROUP ISSUED AS OF 07/01/04


 Anything with an asterisk* is a change effective 07/01/04.
This list shows the SSN area and group numbers that are in
the process of being issued as of the date at the top of this page.

NOTE: INDICATES GROUP CHANGE SINCE LAST MONTH.
001 02  002 98 	003 98	004 06	005 04	006 04
007 04	008 88	009 86	010 88  011 88  012 88
013 88	014 88	015 88*	016 86	017 86	018 86
019 86	020 86	021 86	022 86	023 86	024 86
025 86	026 86	027 86	028 86	029 86	030 86
031 86	032 86	033 86	034 86	035 70	036 70
037 70	038 68	039 68	040 06	041 06  042 06
043 06	044 06	045 06	046 06	047 06	048 06
049 04	050 94	051 94	052 94	053 94	054 94
055 94	056 94	057 94	058 94	059 94  060 94 
061 94  062 94  063 94  064 94  065 94*	066 94*
067 94*	068 94*	069 92	070 92	071 92	072 92
073 92	074 92	075 92	076 92	077 92	078 92
079 92	080 92	081 92	082 92	083 92	084 92
085 92	086 92	087 92	088 92	089 92	090 92
091 92	092 92	093 92	094 92	095 92	096 92
097 92	098 92	099 92	100 92	101 92	102 92
103 92	104 92	105 92	106 92	107 92	108 92
109 92	110 92	111 92	112 92	113 92  114 92
115 92  116 92  117 92  118 92  119 92	120 92
121 92	122 92	123 92	124 92	125 92	126 92
127 92	128 92	129 92	130 92	131 92	132 92
133 92	134 92	135 13	136 13	137 13	138 13
139 13	140 13	141 13	142 13  143 13	144 13
145 13	146 13	147 13	148 13	149 13	150 13
151 13	152 13	153 13	154 13  155 13	156 13
157 13*	158 13*	159 82	160 82	161 82	162 82
163 82	164 82	165 82	166 82	167 82	168 82
169 82	170 82	171 82	172 82	173 82*	174 82*
175 80	176 80	177 80	178 80	179 80	180 80
181 80	182 80	183 80	184 80	185 80	186 80
187 80	188 80	189 80	190 80	191 80	192 80
193 80	194 80	195 80  196 80	197 80	198 80
199 80	200 80	201 80	202 80	203 80	204 80
205 80	206 80	207 80	208 80	209 80	210 80
211 80	212 69	213 69	214 69	215 69	216 69
217 69	218 69*	219 69* 220 67	221 98	222 98
223 99	224 99  225 99  226 99  227 99*	228 97
229 97	230 97	231 97	232 51	233 51	234 49
235 49	236 49	237 99	238 99	239 99	240 99
241 99	242 99	243 99  244 99  245 99	246 99
247 99	248 99	249 99	250 99	251 99	252 99
253 99	254 99	255 99	256 99	257 99	258 99
259 99	260 99	261 99	262 99	263 99	264 99
265 99	266 99	267 99	268 08	269 08	270 08
271 08	272 08	273 08	274 08	275 08	276 08
277 08	278 08	279 08	280 08	281 08	282 08
283 08	284 08	285 08	286 08  287 08	288 08
289 08	290 08	291 08	292 08	293 08	294 08
295 08	296 08	297 08	298 08	299 08*	300 08*
301 06	302 06	303 27	304 27	305 27	306 27
307 27	308 27	309 27	310 27	311 27	312 27
313 27	314 27  315 27	316 27*	317 25	318 04
319 04	320 04*	321 02	322 02	323 02	324 02
325 02	326 02	327 02	328 02	329 02	330 02
331 02	332 02	333 02	334 02  335 02  336 02
337 02	338 02	339 02	340 02	341 02	342 02
343 02	344 02	345 02	346 02	347 02	348 02
349 02	350 02	351 02	352 02	353 02	354 02
355 02	356 02	357 02	358 02	359 02	360 02
361 02	362 31	363 31	364 31	365 31*	366 29
367 29	368 29	369 29	370 29	371 29	372 29
373 29	374 29	375 29	376 29	377 29	378 29
379 29	380 29	381 29	382 29	383 29	384 29
385 29	386 29  387 25	388 25	389 25	390 25
391 25	392 25*	393 23  394 23	395 23	396 23
397 23	398 23	399 23	400 63*	401 61	402 61 
403 61	404 61	405 61	406 61	407 61	408 97
409 97	410 97	411 97  412 97	413 97	414 97*
415 95	416 57	417 57	418 57	419 57	420 57
421 55	422 55	423 55	424 55	425 95	426 95
427 95	428 93	429 99	430 99	431 99	432 99
433 99	434 99	435 99	436 99	437 99	438 99
439 99  440 19	441 19	442 19	443 19	444 19
445 19*	446 17	447 17	448 17	449 99	450 99
451 99	452 99	453 99	454 99	455 99	456 99
457 99	458 99	459 99	460 99	461 99	462 99
463 99	464 99	465 99	466 99	467 99	468 45
469 45	470 45*	471 43	472 43	473 43	474 43
475 43	476 43	477 43	478 35	479 33	480 33
481 33  482 33	483 33	484 33	485 33	486 21
487 21	488 21	489 21	490 21	491 21	492 21
493 21	494 21	495 21	496 21	497 19	498 19
499 19  500 19	501 29	502 29	503 35  504 35
505 47	506 47	507 47	508 45	509 23	510 23
511 23	512 23	513 23  514 23*	515 21	516 39
517 39	518 69	519 67  520 47  521 99	522 99
523 99	524 99	525 99	526 99	527 99	528 99
529 99	530 99	531 55	532 55*	533 53	534 53
535 53  536 53	537 53	538 53	539 53	540 67
541 67	542 65	543 65	544 65	545 99	546 99
547 99	548 99	549 99	550 99	551 99	552 99
553 99	554 99	555 99	556 99	557 99	558 99
559 99	560 99	561 99	562 99	563 99	564 99
565 99	566 99	567 99	568 99	569 99	570 99
571 99	572 99	573 99	574 41	575 99	576 99
577 37	578 37  579 37*	580 35	581 99	582 99
583 99	584 99	585 99	586 53	587 93	589 99
590 99	591 99	592 99	593 99  594 99  595 99
596 76	597 76*	598 74	599 74	600 99	601 99
602 45	603 45	604 45	605 45	606 45	607 45
608 45	609 45	610 45	611 45  612 45  613 45
614 45*	615 45*	616 45* 617 45* 618 45*	619 45*
620 43	621 43	622 43	623 43  624 43	625 43
626 43	627 92	628 92	629 92	630 92*	631 92*
632 92* 633 92* 634 90  635 90  636 90	637 90
638 90	639 90	640 90  641 90	642 90	643 90
644 90	645 90	646 76  647 76* 648 34	649 32
650 32  651 32*	652 30  653 30	654 18	655 18*
656 16	657 16	658 16	659 09  660 09  661 09  
662 09  663 09  664 09  665 09* 667 22  668 22 
669 22  670 22  671 22  672 22	673 22*	674 22*  
675 20  676 07  677 07  678 07  679 05	680 58
681 05	682 05  683 05  684 05* 685 03  686 03
687 03  688 03  689 03	690 03	700 18  701 18
702 18  703 18 	704 18  705 18  706 18  707 18  
708 18  709 18  710 18  711 18	712 18	713 18
714 18  715 18  716 18  717 18	718 18	719 18
720 18  721 18  722 18  723 18	724 28	725 18
726 18  727 10	728 14  729 03	730 03* 731 01
732 01	733 01  764 42	765 42*	766 30	767 30
768 30  769 30*	770 30*	771 30*	772 30*	


 

 

